1198942
1116791
774141
1156353
1313984
1059806
853073
1245040
1246312
1178519
734430
1249916
1269348
1275855
807115
1244458
1198942
1116791
774141
1156353
1313984
1059806
853073
1245040
1246312
1178519
734430
1249916
1269348
1275855
807115
1244458
1198942
1116791
774141
1156353
1313984
1059806
853073
1245040
1246312
1178519
734430
1249916
1269348
1275855
807115
1244458
872053
1165474
1228030
1040654
879311
1233664
1352347
1250060
929345
1135176
1183124
1093584
847994
1251401
1204810
1050525
872053
1165474
1228030
1040654
879311
1233664
1352347
1250060
929345
1135176
1183124
1093584
847994
1251401
1204810
1050525
872053
1165474
1228030
1040654
879311
1233664
1352347
1250060
929345
1135176
1183124
1093584
847994
1251401
1204810
1050525
